218
100
194
233
0
172
160
1
205
207
13
171
33
224
121
122
57
235
133
86
217
151
235
138
168
70
41
75
136
158
131
154
131
4
216
110
57
51
145
22
53
64
231
48
242
144
78
104
149
26
27
53
89
228
186
83
119
83
104
94
74
137
108
163
30
169
228
47
155
244
211
118
87
137
68
171
172
130
48
107
118
111
16
186
111
160
161
248
113
31
37
173
5
10
254
246
61
201
105
236
101
213
221
39
195
13
28
223
211
131
115
98
75
87
36
171
249
79
114
104
161
161
28
7
63
225
5
30
84
72
157
110
224
119
132
204
115
60
52
197
211
56
162
197
179
58
97
131
200
180
